 -0.00000075072957336  0.00000753457461787  0.00001532037503622  0.00002383319103155
  0.00003442295514162  0.00004462464194945  0.00005494719693493  0.00006705489525565
  0.00009073215033362  0.00011816445916851  0.00015328280393099  0.00017472430877108
  0.00018542254247102  0.00019744542297348  0.00020993055698766  0.00022173216153419
  0.00023345892174905  0.00025688880973549  0.00031495326588760  0.00038530130520482
  0.00046840499111703  0.00057495347562818  0.00069373101541457  0.00081909703963623
  0.00094442814476950  0.00106883833954074  0.00118300060794489  0.00131619617622536
  0.00156071627499329  0.00180157399722594  0.00203589538278377  0.00226394597842228
  0.00248529286763165  0.00272103816156246  0.00296231953421290  0.00321466932256299
  0.00349732985878870  0.00378940385015335  0.00410353813869741  0.00443221512448935
  0.00475662610736161  0.00495719318401573  0.00510976204910022  0.00525378373912758
  0.00540229202296995  0.00554985392194665  0.00573876764083404  0.00596383833415588
  0.00619654830117940  0.00641164243178252  0.00660954329974609  0.00676833136838525
  0.00705138869759597  0.00739306013514155  0.00772922481760217  0.00805589825388478
  0.00837755143044920  0.00870207597564805  0.00903835639669237  0.00937715273501155
  0.00975652143069191  0.01012322669100115  0.01048695921119108  0.01089464560528151
  0.01130809867074664  0.01171065335844971  0.01209027614673604  0.01244066995605600
  0.01276032286672195  0.01306252429295851  0.01338803795477020  0.01372442045474449
  0.01412036336681004  0.01453060540155300  0.01482393414043829  0.01506039213883287
  0.01530541787687793  0.01563022867449311  0.01602888221891269  0.01648423423938646
  0.01703419200975838  0.01764027562697199  0.01827631147704742  0.01869373108770501
  0.01896281669787958  0.01940357133228386  0.02000034970088848  0.02081676762987255
  0.02167624097017484  0.02229727574474230  0.02286475790727995  0.02341450644492164
  0.02395226415330339  0.02435543667241075  0.02464117148086553  1.00000000000000000
 -0.00294704305791617  0.00897459554655168  0.02073046944753876  0.03161994094122034
  0.04228777300616710  0.05328097197083642  0.06432246714559858  0.07473341290323908
  0.08509416267686548  0.09627360106065785  0.10762924854640510  0.11918015366970557
  0.13192053850058311  0.14457331788184916  0.15813073618063139  0.17177091910111753
  0.18326573227486123  0.19505593927237957  0.20692381511563315  0.21877578396290989
  0.23119451269222269  0.24284975168225881  0.25443477508576490  0.26533751677431655
  0.27432655987198512  0.28143015669532151  0.28787954466514976  0.29462438111770334
  0.30135371430445612  0.30742596038538356  0.31348512145124674  0.32124054088811649
  0.33212671263199550  0.34396830890917746  0.35546356211755847  0.36775736318170099
  0.38004318588755565  0.39205392190883753  0.40398744622879540  0.41519463980242083
  0.42575323421460293  0.43716324596399542  0.45035595063434286  0.46614944089523419
  0.48331567214892129  0.49925557579279489  0.51164767843623915  0.52078725261693848
  0.52971646482823986  0.53751607579184368  0.54565077923107541  0.55439471282801867
  0.56305102898690806  0.57190911062314254  0.58132354324350177  0.59140101173298687
  0.60193272165498024  0.61192947161097833  0.62220047186944361  0.63574796111635801
  0.64875162867304192  0.66102151351856786  0.67649238053856842  0.69191421784755813
  0.70523492778326313  0.71499828561487000  0.72064084356111180  0.72522746686750139
  0.73073371686305810  0.73627456280429970  0.74120971998860785  0.74502344405660736
  0.74934529683677220  0.75394694438607479  0.76463188519532099  0.77763473970885821
  0.78971194309647597  0.80182118240428102  0.81352919898202936  0.82664677677057008
  0.83956003610367258  0.85174287533985815  0.86470812917926909  0.87868347675490288
  0.89113427464537409  0.90155107898574904  0.91110454970118759  0.91969596517884933
  0.92772198597968314  0.93620781423475952  0.94494794489257705  0.95274801280448340
  0.96145722380437248  0.97267553774392856  0.98576245296103115  1.00000000000000000
 -0.04055889004340343  0.29912640316809358  0.47025190586063492  0.58136760164925538
  0.66221105128224167  0.72206593688369713  0.77012674049342777  0.80443935043629589
  0.83109827766503230  0.85523057160476357  0.87318833736549517  0.88829505821379606
  0.90157905633871038  0.91378239739397138  0.92359015095293540  0.93186304385335883
  0.93890103929258217  0.94527599991833366  0.95089068896035767  0.95575750946184701
  0.95958510549136622  0.96261087602698203  0.96535183819835158  0.96779978297019653
  0.97010478721171156  0.97228546844751373  0.97432061345581966  0.97627828480205592
  0.97837541266275929  0.98019404624076156  0.98197753991066272  0.98358789449776773
  0.98481151941144529  0.98579157263119332  0.98669173704972424  0.98751492940105057
  0.98832270146103740  0.98908627747119093  0.98984853309025522  0.99059133818554246
  0.99128258078523546  0.99195727658090005  0.99268227336914527  0.99329153060906950
  0.99389750583784719  0.99446121428871703  0.99496757689066717  0.99541629258861875
  0.99582353957596659  0.99619259122975468  0.99647964696838465  0.99673074335206091
  0.99692397335142602  0.99705348955652717  0.99716810115385290  0.99729786075113436
  0.99742268434706982  0.99754299273336700  0.99767503768940169  0.99779934633231526
  0.99790987896382555  0.99802276199407502  0.99811972980865993  0.99825903299320895
  0.99837589332393573  0.99846107777240001  0.99853686829593213  0.99858275326830293
  0.99862532158560968  0.99867587486007037  0.99872592104786773  0.99877516080209594
  0.99882946299423825  0.99886956073709632  0.99894185873365426  0.99902664082287784
  0.99910731603268621  0.99917742352439054  0.99923279666600240  0.99928695532843392
  0.99934254156584690  0.99939900982953611  0.99945461077854292  0.99950745854185730
  0.99955676726044151  0.99960288551536769  0.99964862081451789  0.99969056868069084
  0.99972840361232462  0.99976448110644589  0.99980036530763283  0.99983566358821541
  0.99987039053451332  0.99990704205669390  0.99994872172138449  1.00000000000000000
 -0.02474526847695990  0.11971525372034819  0.15989367844458913  0.18346721270031927
  0.20093597745584019  0.21701915676849526  0.23274290161295513  0.24652255964526718
  0.25842661193483085  0.26998386808500824  0.28148224345928363  0.29211998569331782
  0.30155916471684885  0.30997960279804099  0.31856563020291190  0.32678904958885463
  0.33452597588604438  0.34278930279686748  0.35211806065191326  0.36108354654087704
  0.36814323339388272  0.37362766254034407  0.37777995697162009  0.38156713853941077
  0.38564957999448313  0.38936625481566312  0.39316342094100132  0.39811233903633919
  0.40393612370814730  0.40955016756430557  0.41487866070191731  0.41979987501625765
  0.42439194131739488  0.42740875811022738  0.43052547507998118  0.43338271210444662
  0.43715016545194768  0.44265522449656181  0.44885619034402208  0.45515809164065985
  0.46163275877875043  0.46845785211736435  0.47532710948969087  0.48153546176844597
  0.48709940988522793  0.49309335455231712  0.49932988185988270  0.50675936366182617
  0.51291615552949366  0.51671570781212417  0.51903935653429811  0.52218372664837820
  0.52486223788186104  0.52764060391602108  0.53058252971717701  0.53362867391497315
  0.53688960540404540  0.53990889458312696  0.54265666394955281  0.54575796927502873
  0.54854496587636148  0.55099789158627133  0.55610842817285122  0.56354864959855067
  0.57103111518262306  0.57872449939559156  0.58635661574989939  0.59380883466637158
  0.59855065697006926  0.60303025248352948  0.60782783768994353  0.61244165945155404
  0.61709717762451322  0.62196357557965443  0.62700845992136545  0.63185612332138175
  0.63604472265232992  0.64231992687243777  0.65122504749753884  0.66102803645184705
  0.66902698083205980  0.67630774652524905  0.68440728819041374  0.69313901784604726
  0.70203385273303776  0.71193677377991493  0.72333684413207311  0.73641306861982536
  0.75055363387886753  0.76284016661635778  0.77645601752189197  0.79094151716396688
  0.81288831627497116  0.83562931745372970  0.87403199891174066  1.00000000000000000
  1.16292273685575077E-023  -1.0000000000000000     
 T T T T F F F F F F F F F F F F T T T T F F F F F F F F F F F F
  <DiscreteSampler_grid>
  grouped_processes
  1 # 1 for a reference and 2 for a running grid.
  10 # Attribute 'min_bin_probing_points' of the grid.
  1 # Attribute 'grid_mode' of the grid. 1=='default',2=='initialization'
  0.0000000000000000 # Attribute 'small_contrib_threshold' of the grid.
  0.5000000000000000 # Attribute 'damping_power' of the grid.
 # binID   n_entries weight   weight_sqr   abs_weight
    22   10   5.905868495000857E-016   1.116875736369202E-030   5.905868495000857E-016
    23   10   5.905868495000857E-016   1.116875736369202E-030   5.905868495000857E-016
  </DiscreteSampler_grid>
