 -0.00000033393081000  0.00000337454202143  0.00000709999169883  0.00001140738501925
  0.00001629739226196  0.00002104722964808  0.00002614670698865  0.00003219852907475
  0.00003964604340131  0.00004605692555015  0.00005335926699818  0.00006120512334382
  0.00007005240263458  0.00007932252909847  0.00008861475540223  0.00009846889301731
  0.00010786655270414  0.00011700483368475  0.00012504563332945  0.00013338607635160
  0.00014203177120121  0.00015115604237698  0.00015866876868237  0.00017100625628115
  0.00018661436200483  0.00020265617290975  0.00023102067659538  0.00025797725698861
  0.00028342985682007  0.00030541413892088  0.00033094172902197  0.00036178633659759
  0.00039299452999123  0.00042465981896684  0.00045752197943361  0.00049236986041274
  0.00052205355497643  0.00054652905953170  0.00056401425991250  0.00057949689823111
  0.00059636215159774  0.00061216477057755  0.00062734068778706  0.00064216117320253
  0.00065241973426057  0.00066029237686101  0.00066464137136686  0.00067008265897562
  0.00067699656145643  0.00068613576220453  0.00069510907539307  0.00070218182311217
  0.00070844832886888  0.00071480796390209  0.00072104577507607  0.00072688702796284
  0.00073211236445565  0.00073664453930832  0.00074100967283543  0.00074526897239029
  0.00075234681674600  0.00076275670493965  0.00077091189266802  0.00077745272888835
  0.00078353612644713  0.00079192602004081  0.00080069949383240  0.00080777003017323
  0.00081372734727419  0.00081963068472014  0.00082444015420943  0.00083181056329081
  0.00084021358431700  0.00084664254891295  0.00085279879057391  0.00085899155492569
  0.00086441908941091  0.00086950050011015  0.00087645092459433  0.00088453582908637
  0.00089218069856062  0.00089727828974258  0.00089925612423955  0.00090173428845889
  0.00090510165023994  0.00091231605909028  0.00091979215280748  0.00092680400158016
  0.00093521113650954  0.00094165168375143  0.00094802349068316  0.00095414532889610
  0.00096031271676394  0.00096807877653755  0.00097144328454202  1.00000000000000000
 -0.00282591879092942  0.00853541137931517  0.02121868585452584  0.03461528400855134
  0.04800305229985150  0.06036630261145694  0.07264870507419122  0.08200387398854540
  0.08726405331152334  0.09275099263649943  0.09838942063218808  0.10355644737454832
  0.10937011907051240  0.11426128432856977  0.11907527886091653  0.12391620140253799
  0.12953202350894893  0.13488683629378936  0.14016580841157325  0.14537678723423295
  0.15365127859911182  0.16355117367333480  0.17283699889043613  0.18169463025947691
  0.19150126337055526  0.20226585829587890  0.21343844500085282  0.22446199368813677
  0.23537753262372052  0.24733656934874482  0.26100980742631691  0.27549219383406881
  0.28999516891080790  0.30413719471134082  0.31878125339508234  0.33645094570241768
  0.35136940941724115  0.36434801474899409  0.37633221051090210  0.38740437002481121
  0.39849098561662477  0.41093424099603421  0.42311713428846054  0.43269603678252172
  0.44068277520685745  0.44813162063460771  0.45592238111776962  0.46446653684184358
  0.47102454919775411  0.47876224838127351  0.48836442326946539  0.49878547701659987
  0.51067138807036272  0.52359618922419071  0.53602368747459739  0.54758920603786765
  0.55849530468146191  0.56814509024556636  0.57752988239972025  0.58735449543587837
  0.59911146495686118  0.61292211662210927  0.62604745100152737  0.63917811756762344
  0.65252929081521349  0.66551631504986219  0.67931515173819723  0.68939228669108144
  0.69743163449961121  0.70492623203513782  0.71161407310871905  0.71820833071420287
  0.72500486714743562  0.73499696924601987  0.74626805348330227  0.75837486548232524
  0.77247542757361376  0.78838591622930365  0.80227707951676064  0.81604061407189987
  0.83002804880722492  0.84346414766173039  0.85440414131745035  0.86485446994719162
  0.87489961592130083  0.88498896660935944  0.89555596089524581  0.90715586026753214
  0.91875617456273384  0.93118567707964917  0.94375753723881239  0.95575532731041113
  0.96658144423663839  0.97632125657721558  0.98681102136351251  1.00000000000000000
 -0.02221364797883690  0.17734581181244063  0.30704276096422950  0.41090527833229012
  0.49300738728670113  0.55778661858681722  0.61516784399757696  0.66250995006631974
  0.70202727430665590  0.73633555574265430  0.76661092833765065  0.78979000146238143
  0.81114803877268060  0.83096067070862289  0.84815838829446255  0.86312317393958127
  0.87633223230700719  0.88780932523702716  0.89825561479881988  0.90741326158522173
  0.91516278796156192  0.92170235619153951  0.92792405154125190  0.93408069152998341
  0.93994199951544821  0.94531426746966229  0.95012892208123600  0.95483598384954005
  0.95815235226079742  0.96022734908188245  0.96189885112880602  0.96362239793445625
  0.96520063515587085  0.96680487158425144  0.96830325251474703  0.96973965656184602
  0.97105637811658874  0.97229078754404785  0.97349356003074583  0.97479774775056205
  0.97596058681132047  0.97698404049607057  0.97800025013088343  0.97895817089458026
  0.97988890797824224  0.98082088748277363  0.98171132210167755  0.98254142606891315
  0.98334771635668616  0.98409321820766138  0.98479183339798437  0.98542015235194502
  0.98599655631293148  0.98654964702194858  0.98709965936198829  0.98761013339319736
  0.98814311624827578  0.98861078246995304  0.98908207994405772  0.98959724478499100
  0.99011299142583464  0.99059366201498944  0.99107890228295259  0.99160771774815837
  0.99216101403508705  0.99266363728997253  0.99309539109063816  0.99347389773248551
  0.99383471340742158  0.99419557654702562  0.99456386323619850  0.99495018087491427
  0.99533639698658405  0.99558411834314287  0.99580513560201855  0.99599557694657270
  0.99615350037665196  0.99627967362015468  0.99642665396973018  0.99657886292479481
  0.99673213229027458  0.99687694611253230  0.99701959096570691  0.99716170079433808
  0.99730037410034633  0.99743011169696816  0.99756176418188425  0.99769428846947150
  0.99783394770651002  0.99798722911412319  0.99815515210946137  0.99834272197714380
  0.99854649609724067  0.99876856888343790  0.99922387176193495  1.00000000000000000
 -0.02012335599738407  0.09894833850918124  0.13352614043202940  0.15408036524866631
  0.17104042306600112  0.18509040345830297  0.19253956588172572  0.19895014516085080
  0.20598410293869854  0.21376593921289194  0.22278370093615105  0.23591549988468669
  0.24965003245928946  0.26236095367509893  0.27399311175159219  0.28446436618708071
  0.29325097704455344  0.30172745484308572  0.31021077468842556  0.31906859794534159
  0.32878632976038435  0.33893366384329793  0.34833410537330434  0.35683549490521560
  0.36504847179684285  0.37418502948183502  0.38262190931012657  0.39077111699894473
  0.39905044164802378  0.40560430364819983  0.41124699488020239  0.41646892759349435
  0.42183879017622938  0.42698728263600477  0.43217014945821230  0.43741237821074785
  0.44296142160133584  0.44924163312644144  0.45714837347754955  0.46585096844979001
  0.47376537440167654  0.48163301090508470  0.48922006788586170  0.49595609556809550
  0.50085024018398205  0.50396036632803631  0.50624739643750405  0.50873891331945242
  0.51176673958461427  0.51541356276985983  0.51901227223982271  0.52217815809146484
  0.52500555814002425  0.52821043836719661  0.53141653989932314  0.53463311332543917
  0.53791877580817737  0.54135465663369953  0.54476150046614158  0.54780383046097392
  0.55101957576673433  0.55456279127817332  0.55802011810178220  0.56110251139485068
  0.56716047669306746  0.57551816928498378  0.58465422246128484  0.59266043921016509
  0.60065723410823535  0.60825735652876012  0.61425879013922113  0.61979900758897577
  0.62530108735074041  0.63142891706653670  0.63860483797716749  0.64700638280190148
  0.65583617277645700  0.66506689273817976  0.67479227080704318  0.68526773084598214
  0.69725978251594212  0.70985649826423647  0.72111784117886180  0.73143067677196316
  0.74125382070375723  0.75077034078655069  0.76032307357767537  0.76930192188537994
  0.77877630790126517  0.79059523825132305  0.80555046781200679  0.82337961813700855
  0.84232158860115447  0.86623872547216807  0.90777200825991122  1.00000000000000000
  1.88291812447642960E-023  -1.0000000000000000     
 T T T T F F F F F F F F F F F F T T T T F F F F F F F F F F F F
  <DiscreteSampler_grid>
  grouped_processes
  1 # 1 for a reference and 2 for a running grid.
  10 # Attribute 'min_bin_probing_points' of the grid.
  1 # Attribute 'grid_mode' of the grid. 1=='default',2=='initialization'
  0.0000000000000000 # Attribute 'small_contrib_threshold' of the grid.
  0.5000000000000000 # Attribute 'damping_power' of the grid.
 # binID   n_entries weight   weight_sqr   abs_weight
    28   10   2.489320057933700E-016   7.938184918580337E-032   2.489320057933700E-016
    29   10   2.489320057933700E-016   7.938184918580342E-032   2.489320057933700E-016
  </DiscreteSampler_grid>
