 -0.00000046148076791  0.00000585367803990  0.00001306728299039  0.00001994881892645
  0.00002683464658058  0.00003415023621736  0.00004169411534537  0.00004874738694317
  0.00005550750451198  0.00006256876709499  0.00006945983772179  0.00007585553770986
  0.00008299785632228  0.00009058891292234  0.00009692515096581  0.00010323739426956
  0.00011079520464752  0.00011922768573778  0.00012709588239265  0.00013382942988007
  0.00014019538173561  0.00014726810244719  0.00015647708024852  0.00016419478861107
  0.00017257419757124  0.00018333419661910  0.00019254018590627  0.00020260758133800
  0.00021552444786052  0.00022839198131043  0.00024887148298311  0.00027286561546399
  0.00029619550066535  0.00031535977128544  0.00033953541840306  0.00038476051372410
  0.00042514324281126  0.00045435158610867  0.00048309066739238  0.00051422776374108
  0.00054815019966227  0.00058318186945909  0.00061505573023943  0.00064596448110261
  0.00067535540562219  0.00070910198399543  0.00075131489031837  0.00079886802323852
  0.00084763619484028  0.00089516325341039  0.00093922742343617  0.00098423267318643
  0.00102564593313433  0.00106671471019129  0.00110816254761460  0.00114895560385060
  0.00119081443825946  0.00123541558808766  0.00128090777864277  0.00133115520689492
  0.00138584201053202  0.00144048408881440  0.00149527575346196  0.00154905255067322
  0.00160199940812212  0.00165510066347257  0.00170980756878990  0.00176771488423037
  0.00183070952768589  0.00188684259515332  0.00194123269616195  0.00199289061648691
  0.00204614040012933  0.00210218126448861  0.00215706681447143  0.00221097839064511
  0.00226597932284346  0.00232161767336319  0.00237257944631466  0.00242254192933625
  0.00247492934879037  0.00252632137771916  0.00257474371372886  0.00262294155916141
  0.00267076459322657  0.00272288358349229  0.00277706387578294  0.00282894188416726
  0.00287896817185437  0.00292673369401398  0.00297448828073948  0.00302223720036360
  0.00305496737465249  0.00308753804583513  0.00312108508832913  1.00000000000000000
 -0.00197864147792419  0.00513382325226083  0.01608544444169568  0.02600227864947644
  0.03507963704909732  0.04365539235131135  0.05429466437087237  0.06687276124794181
  0.07760504139698726  0.08703606826880336  0.09789351223415890  0.10857221364749324
  0.12054112051495744  0.13484724828986944  0.14903323152228073  0.16207631447871182
  0.17384636123257938  0.18533758729193583  0.19943637030497668  0.21462952551404954
  0.22817516536318969  0.24029380809652642  0.25149995073309339  0.26267300863678295
  0.27360966013843102  0.28474634293434375  0.29640746174241739  0.30856017300684685
  0.32153851810476491  0.33464046381665996  0.34792285392153971  0.36336098896522495
  0.37670703494541441  0.38860069542260972  0.40027171418999319  0.41295265259531194
  0.42340689526544917  0.43144719254574865  0.43997267397327672  0.44944345583764816
  0.46001561968059396  0.47078822045416441  0.48145839225270781  0.49292248713363812
  0.50573871605890208  0.51946473870725340  0.53341586726723278  0.54824909209692818
  0.56411116939644657  0.57933179662722412  0.59120213811608968  0.60164656341097722
  0.61154750882682418  0.62151125399241580  0.63212537444469730  0.64244809329098385
  0.65183850850887415  0.66556466946165815  0.67945002918504160  0.69259771572784989
  0.70407822420256816  0.71452080406251295  0.72485196979769617  0.73496694382531780
  0.74527548639725427  0.75577411486325730  0.76676539421724110  0.77634778511579161
  0.78344501002647071  0.79212839351223785  0.80117015260648861  0.80935452799174246
  0.81793629908603482  0.82576026128053259  0.83490333629369262  0.84141063128731008
  0.84891848841127548  0.85877639897293778  0.86747845646215505  0.87385343650562830
  0.87974600983419682  0.88627302407106889  0.89347674791843712  0.90217086519854384
  0.91296982844281183  0.92672785360364307  0.94278648455477676  0.95791628348408320
  0.97160591432240440  0.97966453104122231  0.98328270958280006  0.98718040477691160
  0.99084583363863055  0.99410592137254450  0.99686895698167310  1.00000000000000000
 -0.02648464445921553  0.23570934432999022  0.38346824191106466  0.49089201212370709
  0.58082964853126584  0.65297935011026209  0.70426522165695837  0.74768002610239392
  0.78236417358725807  0.81450289785228336  0.84138008502878137  0.86372861943091228
  0.88171737336738498  0.89611227669324245  0.90753233625972085  0.91711267403707053
  0.92469463142046493  0.93139623973436925  0.93763433553161590  0.94285420119659347
  0.94762696074229380  0.95212685667275987  0.95635830019379453  0.95981390666632005
  0.96239186298376644  0.96492167274215745  0.96737921055378662  0.96966604589694805
  0.97168969380577586  0.97351023270881665  0.97520039301621320  0.97682068183733373
  0.97844499776370575  0.97987235239611770  0.98113413495472379  0.98233724827427771
  0.98347111566383816  0.98452023392990928  0.98552015368806101  0.98649739795734392
  0.98742500722674831  0.98832833581956203  0.98918868423207773  0.98993572458151169
  0.99053437227344232  0.99104438884633506  0.99155430657619892  0.99205076129053393
  0.99255283993860577  0.99300667437476953  0.99356424321140380  0.99404220137157862
  0.99433009606480061  0.99465017744985573  0.99496252381952177  0.99527640005098994
  0.99557923142487337  0.99587916249750652  0.99618755390007874  0.99643657852189838
  0.99663431425821258  0.99682240946232514  0.99700481383728790  0.99717899032824742
  0.99735173672703659  0.99751556659314244  0.99766119975691081  0.99778380800429523
  0.99787492944158585  0.99796414890932317  0.99805010154825602  0.99813327068874569
  0.99821716967417284  0.99829715225346416  0.99838465631359408  0.99848224680972442
  0.99858659158462604  0.99869076591992367  0.99877615537737208  0.99884255086114071
  0.99889677396539878  0.99894873805009687  0.99899648423457843  0.99904430918026277
  0.99909303058174048  0.99914259125893479  0.99919369004199610  0.99924581202475526
  0.99929885015891928  0.99935651223210431  0.99941931671513562  0.99948730052036205
  0.99956576665110997  0.99966063565750329  0.99980198472833715  1.00000000000000000
 -0.03015453868635038  0.15203417810657852  0.17824737788182007  0.20187210501783909
  0.24596105375945312  0.27203525941753604  0.29353450115636348  0.31828258813935828
  0.34483890984440579  0.36729440079905784  0.38617157673958868  0.40275932255410390
  0.41965831648127400  0.43558728291519522  0.44995824081118424  0.46266361562733516
  0.47362273811812478  0.48368399735440071  0.49279160530156674  0.50059352049244110
  0.50793689823312693  0.51575952908348188  0.52379501526026528  0.53167805065666529
  0.53894281301850844  0.54636166292752064  0.55351701292193745  0.56085237239253660
  0.56659017572310699  0.57300350805341449  0.57951899684345831  0.58729928905054496
  0.59694370262631080  0.60689772205071590  0.61638259361555969  0.62468010901458715
  0.63141151621359037  0.63688595321823804  0.64215331988221325  0.64746651065240945
  0.65297466051684339  0.65751276424030780  0.66172440233567731  0.66639924957579355
  0.67146785470689985  0.67617850130796608  0.68029827943594712  0.68393687847500917
  0.68810419000539436  0.69338624301641827  0.69864362377424982  0.70390978066352494
  0.70901033077654718  0.71385427261378409  0.71891641719028376  0.72456193408356317
  0.73052291002724079  0.73601460559509668  0.74053076186683098  0.74487145802147592
  0.74895239347456588  0.75288827292854243  0.75736995979580113  0.76252401784843127
  0.76813720810702035  0.77411511126128907  0.77966511234122660  0.78469382053430825
  0.78768486964410589  0.79062427829351134  0.79369317782238868  0.79661540301724754
  0.79951397269507896  0.80162280827563082  0.80231044656064965  0.80353465969773963
  0.80596923855762970  0.80809347603596293  0.81067940917406700  0.81330498937139328
  0.81588647676665604  0.81874924064775123  0.82175432128188786  0.82495004227436586
  0.82799463821911179  0.83724771317113078  0.84545814598918723  0.85453352502063029
  0.86344463274060412  0.87220591680133008  0.88126429231388748  0.89117510076574635
  0.90316695445188377  0.91933249418281926  0.94580842730914882  1.00000000000000000
  2.98113711143764790E-022  -1.0000000000000000     
 T T T T F F F F F F F F F F F F T T T T F F F F F F F F F F F F
  <DiscreteSampler_grid>
  grouped_processes
  1 # 1 for a reference and 2 for a running grid.
  10 # Attribute 'min_bin_probing_points' of the grid.
  1 # Attribute 'grid_mode' of the grid. 1=='default',2=='initialization'
  0.0000000000000000 # Attribute 'small_contrib_threshold' of the grid.
  0.5000000000000000 # Attribute 'damping_power' of the grid.
 # binID   n_entries weight   weight_sqr   abs_weight
    19   10   3.737724797486492E-016   2.789644948844884E-031   3.737724797486492E-016
    20   10   3.737724797486491E-016   2.789644948844880E-031   3.737724797486491E-016
  </DiscreteSampler_grid>
