 -0.00000149926942803  0.00001740450062162  0.00003918842674679  0.00007214076391448
  0.00010875315474848  0.00013632666105602  0.00016639466095884  0.00023387658637055
  0.00026094091560324  0.00028154560584689  0.00030343775823683  0.00032432519185309
  0.00037216705644808  0.00046734965299583  0.00057867915999884  0.00069702222984937
  0.00080989997264836  0.00092934907755954  0.00105319174218218  0.00117568283766730
  0.00129185983909208  0.00139589609304856  0.00149673511361959  0.00164574552806911
  0.00184183704540385  0.00204261588100965  0.00222712370569465  0.00240290679053549
  0.00257573637188166  0.00274916719037651  0.00291439350329729  0.00307788814608531
  0.00324401796903943  0.00339593231921158  0.00353699964074809  0.00367962082255287
  0.00381778751156216  0.00393598663202289  0.00404661885712946  0.00415945447438052
  0.00427631701979776  0.00440022520500747  0.00452589409932719  0.00464989468488669
  0.00484511714138967  0.00502166781418730  0.00518583734939768  0.00534371505465655
  0.00550429909657855  0.00567122394458451  0.00584823355812404  0.00603469234217587
  0.00621625927420243  0.00638675461577633  0.00655332986749565  0.00671118003926408
  0.00686930457319247  0.00707355162166261  0.00734042069660467  0.00760142250880149
  0.00786473138716205  0.00812682320895858  0.00838925828306767  0.00865790088894475
  0.00896524945192366  0.00922957471352857  0.00946225949520921  0.00967132209259913
  0.00988504395732776  0.01011428221833571  0.01034921825344907  0.01058053601350614
  0.01081154134875819  0.01106029589978864  0.01131837559634613  0.01150015844353290
  0.01169124097315309  0.01188113639428317  0.01207360931038897  0.01227306421781175
  0.01246216984397851  0.01264555044110911  0.01280407471642324  0.01312148187903319
  0.01349802795980480  0.01403857601030213  0.01459168040115237  0.01532772001577967
  0.01606375963040696  0.01694467028053666  0.01785533155483720  0.01879664578003046
  0.02188649757939505  0.02497634937875965  0.02900786264122455  1.00000000000000000
 -0.00308924021289779  0.01041168055255758  0.02393956184413163  0.03700115365564711
  0.05046990800652675  0.06344029404451230  0.07515510885780770  0.08564749316073639
  0.09625677546097691  0.10819429567827418  0.12129357388876456  0.13525093978032432
  0.14931609765900578  0.16297785342539853  0.17754454356329194  0.19285949988724410
  0.20715628729494717  0.21951648195538426  0.23064504289468327  0.24145341642530357
  0.25235636470644179  0.26260799018273928  0.27228214959686986  0.28156248114205590
  0.29006044023886585  0.29636762642475467  0.30303759677205683  0.31046444669318723
  0.31669944844667597  0.32352474160275513  0.33212193014051766  0.34059425219543199
  0.34711804968076071  0.35370378462306790  0.36315080602604288  0.37495227426703065
  0.38738107989577458  0.40024425888988957  0.41290655146294525  0.42405669920496286
  0.43435857404653083  0.44593336141669110  0.45657530631228593  0.46595473320508179
  0.47616989998594456  0.48755454615450300  0.49918446952533979  0.50887480750313430
  0.51945206937980792  0.53113651450640043  0.54292718150326669  0.55471641377960290
  0.56633497909538422  0.57843783143114880  0.59142260358668697  0.60459261771506378
  0.61890621777837052  0.63515865627473511  0.65142442886311480  0.66676856711298382
  0.68132160509971573  0.69379825416289964  0.70160897101576969  0.70630473328651766
  0.71133574283833489  0.71608231228960406  0.72071867371537301  0.72621720980045579
  0.73133892276345447  0.73627118869617325  0.74116818245983818  0.74543340105634937
  0.75145073151452324  0.76523805416552260  0.77470070286172943  0.78370301281354593
  0.79123420678535106  0.79874551446153175  0.80589856505078350  0.81504897019554190
  0.82707687804468577  0.83946219288228940  0.84813988576594046  0.85568411426439295
  0.86250806709484462  0.86989319731738013  0.88408491511490672  0.89978894074379556
  0.91386517713934701  0.92713426522517550  0.93965494843664543  0.95189651995571967
  0.96454585131364157  0.97618021854860593  0.98764554745288924  1.00000000000000000
 -0.05604068035665698  0.41019434578582514  0.60601650084670033  0.72030154082958364
  0.79311599302913671  0.84511363652522242  0.87967157216815139  0.90456370607529701
  0.92234468230682598  0.93575867022926507  0.94718923551041734  0.95637520867592241
  0.96174561283982929  0.96594604073345658  0.96960002854008054  0.97287195753744460
  0.97596763379659679  0.97882209414300014  0.98121642136251364  0.98315981243335027
  0.98469836686783407  0.98612439958412090  0.98752126431291842  0.98882022282498128
  0.99002365129782344  0.99107998618932946  0.99193739126580815  0.99266114001090588
  0.99330016443466185  0.99384418915558947  0.99436018195520315  0.99484270827464449
  0.99532049755802865  0.99579372008042022  0.99620982143883929  0.99658589924380492
  0.99691501905306468  0.99720133742318584  0.99746305863442186  0.99768952294127089
  0.99779982615114360  0.99791359970355353  0.99801064003286299  0.99810617781861710
  0.99820061124891102  0.99829005380421376  0.99836791633079858  0.99844419836803899
  0.99851090867080772  0.99857949103108823  0.99865301399387407  0.99872405967284172
  0.99879262921580847  0.99885682900856454  0.99891519417675401  0.99896790495824239
  0.99902214114642218  0.99907339849714327  0.99911953642984752  0.99916333412587588
  0.99920530095204430  0.99924324387899266  0.99927700375236073  0.99930929765906207
  0.99934095773577925  0.99937069956470337  0.99939856653073555  0.99942389594916292
  0.99944882976200888  0.99947411300082378  0.99949825129885006  0.99952051456629820
  0.99954160527716807  0.99956044580508696  0.99957870209457977  0.99959739871160602
  0.99961678164573120  0.99963668781785298  0.99965643747313560  0.99967556112074230
  0.99969400804312503  0.99971190988841296  0.99972938646090292  0.99974646477228191
  0.99976310005563040  0.99977914792847389  0.99979602525727906  0.99981290687891156
  0.99982898695020406  0.99984532818328176  0.99986231170136886  0.99988060982695148
  0.99990201258450906  0.99992720654355915  0.99995893114738355  1.00000000000000000
 -0.03667967100095525  0.17473627028485031  0.24059031263732025  0.27328788373631330
  0.29804114619995237  0.31787034324224223  0.33337570855713811  0.34702961320367337
  0.36019901102984336  0.37424587754256472  0.38712857790947136  0.39986179798401039
  0.41373211228116957  0.42762126515149906  0.44059637343609764  0.45417244481757651
  0.46651008262526578  0.47841044538034894  0.48866416176566724  0.49732359964070821
  0.50551293863600244  0.51359531821912274  0.52211505005129111  0.53063786142243252
  0.53863040227250469  0.54628104846491576  0.55446783629140872  0.56340090630839090
  0.57187096916513647  0.58016816735616417  0.58802259725326766  0.59359691743035425
  0.59799076568975318  0.60252100485493032  0.60777477627420862  0.61303544800749410
  0.61720726531318337  0.62012781089833569  0.62313700592278620  0.62630819453434328
  0.62962663831273769  0.63273527021038112  0.63532047636702704  0.63778930776818388
  0.64017133189603337  0.64291226345024011  0.64579600097003176  0.64894830492679334
  0.65183820696892414  0.65413411158465684  0.65952851854775441  0.66639666209338388
  0.67196090321254809  0.67606222820120265  0.68011267086273997  0.68348661503309616
  0.68579822980042138  0.68827808830486714  0.69210744502280985  0.69674708466536928
  0.70162386118740905  0.70636915700960612  0.71091813799283698  0.71509663616831443
  0.71897218681068487  0.72240955085560332  0.72555755357729612  0.72917032594833209
  0.73492234141442370  0.74195056253882963  0.74899723682084807  0.75523749903499826
  0.76086106268452114  0.76626228419385167  0.77147750134322768  0.77673305794414083
  0.78205726151671306  0.78735158385494641  0.79314635432578728  0.79899753236101689
  0.80486637063182143  0.81085875843808586  0.81704105001918692  0.82286611749883021
  0.82908846440112960  0.83593260028165262  0.84282908020899339  0.84932526517611207
  0.85616989935600829  0.86413180196108075  0.87321232221830514  0.88295716045277228
  0.89435667647599804  0.90994048460003851  0.93517202392963050  1.00000000000000000
  2.38364695193175940E-022  -1.0000000000000000     
 T T T T F F F F F F F F F F F F T T T T F F F F F F F F F F F F
  <DiscreteSampler_grid>
  grouped_processes
  1 # 1 for a reference and 2 for a running grid.
  10 # Attribute 'min_bin_probing_points' of the grid.
  1 # Attribute 'grid_mode' of the grid. 1=='default',2=='initialization'
  0.0000000000000000 # Attribute 'small_contrib_threshold' of the grid.
  0.5000000000000000 # Attribute 'damping_power' of the grid.
 # binID   n_entries weight   weight_sqr   abs_weight
    19   10   1.348364010078816E-015   1.172952602743513E-029   1.348364010078816E-015
    20   10   1.348364010078816E-015   1.172952602743513E-029   1.348364010078816E-015
  </DiscreteSampler_grid>
