 -0.00000148787436462  0.00001452894123816  0.00003133106862430  0.00004949085889420
  0.00006929344619497  0.00009573125330584  0.00013908563695243  0.00017748405829230
  0.00021076113993387  0.00024121821649308  0.00026443457669110  0.00028424475108768
  0.00029899385919136  0.00031422489744073  0.00032724895895265  0.00033940464483051
  0.00035323441983419  0.00036728593336956  0.00038009254534272  0.00039159218957048
  0.00040538529845011  0.00042035107845071  0.00043253217857415  0.00044324245852967
  0.00045317180690987  0.00046256726146229  0.00047611075876949  0.00048724796769621
  0.00052619950025703  0.00057302935023415  0.00061682651330964  0.00065964287527694
  0.00070262440685908  0.00074646451611030  0.00079100642721672  0.00083483408833629
  0.00087646746530444  0.00091514058098567  0.00095244810696802  0.00098986443080067
  0.00102522091230262  0.00105863547238557  0.00108780855404518  0.00110509289405531
  0.00112330771023625  0.00114214210373612  0.00115643179741241  0.00119318559333361
  0.00124038683118983  0.00129568000607581  0.00134262734843186  0.00137309239872197
  0.00139243684120998  0.00141206921767646  0.00143003289516953  0.00144744172842199
  0.00146493679460903  0.00148005562725600  0.00152395639522751  0.00156034197031760
  0.00158225546187038  0.00159763585505874  0.00161203748954222  0.00162454858007893
  0.00163579101076949  0.00163891837137438  0.00164160195920184  0.00164389731637162
  0.00164496414008864  0.00177702750719230  0.00191922481546925  0.00210263969149006
  0.00229799403986979  0.00248671010321775  0.00266480511560116  0.00284290012798456
  0.00300254942056083  0.00315644239685258  0.00331033537314434  0.00345316292877092
  0.00359184086601601  0.00373051880326111  0.00386868530461777  0.00400594025120785
  0.00414319519779793  0.00428045014438801  0.00443610136603508  0.00459258653672543
  0.00474907170741578  0.00490887118363014  0.00506876606492081  0.00523016993273297
  0.00541962277941419  0.00560907562609540  0.00586086393479073  1.00000000000000000
 -0.00264357355975024  0.01136873876513396  0.02115706533141453  0.03150524342592025
  0.04244253410909346  0.05441942747185655  0.06628918927053172  0.07706152301851983
  0.08713158835097828  0.09756281491616088  0.10825683385175329  0.11949356481710850
  0.13146280997434978  0.14418888007438366  0.15742384071308316  0.17027489524751049
  0.18240050887301251  0.19459273963737747  0.20579661873616814  0.21689732880860035
  0.22782301332757490  0.23996761986364160  0.25184050032908689  0.26436487177698120
  0.27411070002473870  0.28143983547366636  0.28835563242425272  0.29386212453460109
  0.29828474240123931  0.30289847398515340  0.31023062351002484  0.31670380978703055
  0.32113395499012082  0.32617821689225485  0.33221549093331865  0.34031270622046339
  0.34856609809236633  0.35629839544815123  0.36687122452587284  0.37944701923542890
  0.39087327939916477  0.40097341767058792  0.41105946520115738  0.42283616327160728
  0.43657763085787760  0.44996625925296835  0.46244802388757722  0.47427172031471970
  0.48330392968737035  0.49155374981912153  0.50176784117327422  0.51088359918551696
  0.51950456412211277  0.52701401623880628  0.53451166447953502  0.54402510842619867
  0.55573357444852678  0.56720011005483784  0.57863827078466645  0.59096806426054393
  0.60452012022221224  0.61706403783906394  0.62985628613829214  0.64260759530877831
  0.65432676276280788  0.66434172668638558  0.67317766054304562  0.68191351345211870
  0.69118077848037629  0.70210719904387320  0.71488730435396297  0.72650189540485322
  0.73554529411219127  0.74411306975539304  0.75390025808808991  0.76443976671831304
  0.77402879065333374  0.78399792786703204  0.79655537087514405  0.80990609080364151
  0.82249540509082453  0.83495713588781539  0.84633602282851017  0.85837866010085062
  0.87031875908698353  0.88172950979848630  0.89225423568971196  0.90265939572959275
  0.91313339711285213  0.92512579987806465  0.93699123115013150  0.94951554254730242
  0.96229623338252912  0.97390918516032843  0.98558790206337887  1.00000000000000000
 -0.04713238363958700  0.34687471262597291  0.52642278220913241  0.64312239152513828
  0.71803419908681354  0.77365675279391843  0.81317957960762643  0.84421190154715120
  0.86750665306237795  0.88663892099937980  0.90300315663356423  0.91592262668618973
  0.92697512069334043  0.93632374879967428  0.94355025083713429  0.94974526597031095
  0.95527258380192204  0.95940013061680973  0.96211029015989569  0.96481463284588764
  0.96727196521287684  0.96937837969148555  0.97117349252658025  0.97292586562924754
  0.97483765248490284  0.97671979719539981  0.97843085685861142  0.97993425680695645
  0.98130321666271669  0.98267893269101714  0.98399736943921323  0.98508621011834940
  0.98588577417807632  0.98660779505530805  0.98728449178543654  0.98789033774510970
  0.98849421340724009  0.98913237335111925  0.98971741572465532  0.99022321819054171
  0.99074616725151066  0.99130826415132900  0.99184121741487119  0.99234966979876371
  0.99279211449418348  0.99317219903452414  0.99352550543493534  0.99385867557106766
  0.99415503690647056  0.99444089964596849  0.99471217212324137  0.99496846146186468
  0.99522429538212198  0.99543582899465699  0.99560307533711401  0.99577107383363728
  0.99594838698854260  0.99612423844247611  0.99629386799802755  0.99645395776901780
  0.99661124364910847  0.99679836652556109  0.99701816834125145  0.99723779809981206
  0.99741671963846912  0.99756960965166186  0.99770799875679061  0.99783608927548939
  0.99794502478205716  0.99805042825225332  0.99815007972839198  0.99823897565332820
  0.99832263181491110  0.99840620191784291  0.99849043065540710  0.99857422911096527
  0.99866319284126870  0.99875613184802148  0.99884946714819489  0.99894475415337225
  0.99905269397007956  0.99911810379711274  0.99917314634890086  0.99922720292522615
  0.99927413245968921  0.99932759381220304  0.99938648287377019  0.99944327306759762
  0.99949798109318422  0.99955267754957733  0.99960734721699418  0.99966349470360660
  0.99972932934683356  0.99980161895207731  0.99988424367314388  1.00000000000000000
 -0.03278313398516600  0.15044065225282297  0.19196349212257119  0.22489713343482720
  0.25278735434557170  0.27265899857365389  0.28951469897375787  0.30532598636869734
  0.32033819979999600  0.33581371859278664  0.35201121949980063  0.36668670734293912
  0.37832902166544424  0.38774276777262251  0.39618639016780977  0.40583393491969755
  0.41690692917015693  0.42719245963420005  0.43535330881187434  0.44172187095748416
  0.44804859232737654  0.45433186304271139  0.46161282270107151  0.47044294874707754
  0.47796779240611337  0.48593202282000719  0.49511134268064716  0.50443837914239908
  0.51305763695871776  0.52056360343418828  0.52660149043928628  0.53285153149580688
  0.53921663011861776  0.54604096471777652  0.55250652668217326  0.56032204106640904
  0.56523393626528229  0.56806726673421659  0.57129044981166432  0.57396771473096853
  0.57665370433571761  0.58027787142549592  0.58483484099396477  0.58993579360140624
  0.59462640650850762  0.59834378277562428  0.60242552988478193  0.60693358194574809
  0.61149359643217138  0.61599521785428890  0.62097785559749541  0.62713530627712022
  0.63276117072687921  0.63739554648550456  0.64197733749009500  0.64701226557861480
  0.65243603998650856  0.65827107378570271  0.66427424769540855  0.66974797250527474
  0.67443872591665621  0.67907305134455531  0.68342638653060106  0.68801668139594807
  0.69638295058281630  0.70445458202747790  0.71135693275746481  0.71761562233982901
  0.72354109106848119  0.72965389574199557  0.73575530970579972  0.74199994978489536
  0.74864339252284984  0.75550458952871924  0.76177500583696689  0.76747142522084177
  0.77315786806641074  0.77848605828659800  0.78346585927631085  0.78827544118986159
  0.79413438042658158  0.80179984325862275  0.81030273835910671  0.81973880490553763
  0.82681208609647228  0.83225081651844546  0.83781033891670409  0.84320258178449692
  0.84844270020820745  0.85295566472617046  0.86106802678783845  0.87096404020719220
  0.88309598834422687  0.90016093749480908  0.92627987590674910  1.00000000000000000
  1.10919266140542391E-022  -1.0000000000000000     
 T T T T F F F F F F F F F F F F T T T T F F F F F F F F F F F F
  <DiscreteSampler_grid>
  grouped_processes
  1 # 1 for a reference and 2 for a running grid.
  10 # Attribute 'min_bin_probing_points' of the grid.
  1 # Attribute 'grid_mode' of the grid. 1=='default',2=='initialization'
  0.0000000000000000 # Attribute 'small_contrib_threshold' of the grid.
  0.5000000000000000 # Attribute 'damping_power' of the grid.
 # binID   n_entries weight   weight_sqr   abs_weight
    25   10   2.268813196404136E-015   3.527682300910053E-029   2.268813196404136E-015
    26   10   2.268813196404135E-015   3.527682300910051E-029   2.268813196404135E-015
  </DiscreteSampler_grid>
