 -0.00000037117490519  0.00000401864427333  0.00000842186105276  0.00001325332958645
  0.00001813578493268  0.00002262851530244  0.00002760195854321  0.00003334202751680
  0.00003958003258940  0.00004530966065408  0.00005134370500468  0.00005781784658122
  0.00006454511882378  0.00007240051406907  0.00008001096338062  0.00008798191283808
  0.00009947426346298  0.00011005538242798  0.00011785858697025  0.00012607338688812
  0.00013357505923075  0.00014081471617205  0.00014876091553815  0.00015661165351244
  0.00016338725754892  0.00017820889981596  0.00019400376713631  0.00020492025777886
  0.00021188953364141  0.00021767367302105  0.00022396177670293  0.00023027163996024
  0.00023938116093531  0.00024999431498141  0.00025837524361292  0.00026550628944959
  0.00027233789931748  0.00028011987514373  0.00028879455431738  0.00029797997006139
  0.00030597012787799  0.00031265798214233  0.00031883188145689  0.00032382231759388
  0.00032942665088836  0.00033793482921892  0.00037020799816952  0.00040194962815484
  0.00043158008532584  0.00046109389196594  0.00049041781758712  0.00052275363192559
  0.00055845419107909  0.00059202120067757  0.00062379483961433  0.00065580442366966
  0.00068833494874618  0.00071940495901998  0.00074087693169818  0.00076013764819625
  0.00076732176927551  0.00077583679689956  0.00078481859771093  0.00079488907143773
  0.00080673747444566  0.00084082843449677  0.00086693409054728  0.00087664983004281
  0.00088472267523851  0.00089401498753875  0.00090048223885692  0.00090516348585141
  0.00090925639183706  0.00091309320366180  0.00091724268101137  0.00092086885618572
  0.00092301007330540  0.00093444164608338  0.00094782135089815  0.00095918012468881
  0.00096595805426808  0.00097249686576137  0.00097795082002917  0.00098538709494114
  0.00099311158322486  0.00100087324834527  0.00101408507649694  0.00102600200530831
  0.00103672249038579  0.00104537726163437  0.00104881129442758  0.00105361671909902
  0.00105854202282754  0.00106193135191597  0.00106371954550199  1.00000000000000000
 -0.00240967181788331  0.00809388009603932  0.01880289982251515  0.02998803115345686
  0.04200933100812303  0.05437178793882544  0.06567073001343923  0.07633623100347858
  0.08731823164209800  0.09931776846649823  0.11243187801877227  0.12472573495537359
  0.13535418085102047  0.14607025713770547  0.15763121653294207  0.16874599391302225
  0.17926877310953310  0.19034068755061065  0.20188937575395990  0.21303116145725839
  0.22216293352988675  0.23084680095467464  0.23853475528097093  0.24643809836721098
  0.25593015705776329  0.26601966785937464  0.27690884132879312  0.28921404283922542
  0.30167661147242886  0.31462348527181128  0.32708004525113998  0.33976931397408722
  0.35275069193570247  0.36507540410881917  0.37722366330899154  0.38924056110442495
  0.40175353209787923  0.41370539410863205  0.42571389691371370  0.43857475287456782
  0.45022749110001087  0.46114676261788079  0.47198243831134701  0.48379890629944799
  0.49647469514999448  0.50833615355063499  0.51945180474181385  0.53012530201031238
  0.54045920214755794  0.54676009222484867  0.55338406828466713  0.56043699851312767
  0.56717321978818014  0.57330283826019435  0.57901126082055387  0.58647969868902161
  0.59580800188553684  0.60722709698124122  0.62097855638748378  0.63487767068804257
  0.64804659861012448  0.66101927594796173  0.67393698139690272  0.68696054123424621
  0.70009993243236124  0.71276708085754625  0.72414850489845262  0.73440023786613995
  0.74421236006280944  0.75442279718273031  0.76549456952654171  0.77799597523501263
  0.78995657591708335  0.80173857818944305  0.81326421402761351  0.82654866441480013
  0.84077376844067586  0.85224861017754916  0.85903795026122864  0.86489946475348545
  0.87145987615012777  0.87729299790446436  0.88319131395635020  0.88877371433676489
  0.89400201700360937  0.90002919241254731  0.90540312733125661  0.91048003828854895
  0.91684213519224078  0.92667673003412854  0.93840865411877539  0.94979332108988135
  0.96107470637643500  0.97317424533248287  0.98533319464587310  1.00000000000000000
 -0.02326117788854676  0.18026705844083679  0.30421698026401539  0.39664006298532722
  0.47452131795885011  0.53922889054336087  0.59525572115967673  0.64153551389345975
  0.68564533852793708  0.72042078067051052  0.74895376973557692  0.77377267627624791
  0.79583863536984911  0.81469519347199970  0.83062928503280009  0.84715449757710692
  0.86166434807055337  0.87368532610600258  0.88315972063134296  0.89182942136871646
  0.89985610187726073  0.90753500054326175  0.91392356659447449  0.91976895225907518
  0.92505685620833944  0.92995548639307768  0.93430350376940896  0.93833043467862820
  0.94219178374654544  0.94587231195768096  0.94942834222141370  0.95310321308301926
  0.95671978115756262  0.95922267196823419  0.96120007455122436  0.96308039495789333
  0.96481074540627432  0.96639158131610026  0.96788917974462207  0.96929174595255707
  0.97060949568330757  0.97188119504750425  0.97314080304675099  0.97436139517422160
  0.97565159820097480  0.97687264096797000  0.97792655984523236  0.97886116753141572
  0.97971632761529936  0.98044683929909282  0.98114893859687236  0.98181774803813138
  0.98251772514719571  0.98323186180521016  0.98392074881966229  0.98460086800480329
  0.98527709163776445  0.98600470360944226  0.98678691683375330  0.98746357658937900
  0.98801461713233485  0.98852554536960713  0.98900251819510421  0.98946181169745484
  0.98990597068687081  0.99035052613771624  0.99081050051439945  0.99125676659613804
  0.99169685540459396  0.99210004547014785  0.99252056542229994  0.99294548740854871
  0.99336914488158345  0.99379369811388363  0.99420020687885025  0.99460803706845979
  0.99501113257542984  0.99536578867126213  0.99567246218024197  0.99594243142732886
  0.99619352037432707  0.99643319991509260  0.99666388015677487  0.99687442268279203
  0.99706259725183877  0.99722928760079488  0.99740675026713510  0.99759127325646968
  0.99778617959089633  0.99797815652311184  0.99817530485898176  0.99838240623490904
  0.99861082373109555  0.99891844102627481  0.99935631151733539  1.00000000000000000
 -0.01923147035878607  0.09754073047420356  0.12962205295819820  0.15076809610469896
  0.16850619922471616  0.18815254218434832  0.20719746863705052  0.22384901474966529
  0.23735969660119546  0.24896848517846418  0.25978765783082125  0.27056223988560302
  0.28023148035102791  0.28936527686987479  0.29770242037307992  0.30605480296812521
  0.31356248005749127  0.32059005914056482  0.32730762943547448  0.33346235483233205
  0.33930528833295692  0.34498529762741881  0.34985546812470980  0.35535074934686339
  0.36115968882433785  0.36706245524140768  0.37331885520048708  0.38052983318010669
  0.38931537195283350  0.39782449711288159  0.40454405109865965  0.41114069799025199
  0.41740110287155757  0.42369406128504811  0.42984387178949995  0.43584115852365624
  0.44305201647134262  0.44986328156557764  0.45694892376910939  0.46421363937653848
  0.47150302708497643  0.47875285145472307  0.48528062357721735  0.49222776618115222
  0.49935997419831163  0.50642977439470327  0.51342697492844658  0.52069335934314842
  0.52848658868817500  0.53583477697568593  0.54199640901736756  0.54832414065434198
  0.55390158568294756  0.55955215862039132  0.56528656453308201  0.57159813629882994
  0.57990279969257197  0.58620045411937927  0.59214430460625400  0.59825462245746452
  0.60362102400933126  0.60980771507221365  0.61591603021057861  0.62219113749247201
  0.62921690136252328  0.63662856790220823  0.64444171895878077  0.65201604611742414
  0.65895712360973047  0.66578879893951226  0.67286525512296513  0.67948657372951904
  0.68688583405368908  0.69529152556280405  0.70466093052863021  0.71539994134002538
  0.72667397906749365  0.73339383588786156  0.73892295518279250  0.74463596687421063
  0.74955887186830195  0.75468586466934895  0.76046925714336355  0.76609882608313029
  0.77142997639189870  0.77653214084166056  0.78259185845299539  0.78803481488970761
  0.79426485399830915  0.80376223698604699  0.81512266643037923  0.83150666152689223
  0.84930240951591462  0.87119329092584108  0.91699966930499599  1.00000000000000000
  1.92779391925953410E-023  -1.0000000000000000     
 T T T T F F F F F F F F F F F F T T T T F F F F F F F F F F F F
  <DiscreteSampler_grid>
  grouped_processes
  1 # 1 for a reference and 2 for a running grid.
  10 # Attribute 'min_bin_probing_points' of the grid.
  1 # Attribute 'grid_mode' of the grid. 1=='default',2=='initialization'
  0.0000000000000000 # Attribute 'small_contrib_threshold' of the grid.
  0.5000000000000000 # Attribute 'damping_power' of the grid.
 # binID   n_entries weight   weight_sqr   abs_weight
    28   10   9.933203714913787E-016   2.616234937538924E-030   9.933203714913787E-016
    29   10   9.933203714913787E-016   2.616234937538924E-030   9.933203714913787E-016
  </DiscreteSampler_grid>
