 -0.00000092973271553  0.00000843009822534  0.00001819910105371  0.00002909874435060
  0.00004361450176413  0.00005881700426617  0.00007202298938352  0.00008554822319432
  0.00009920415840610  0.00011395863161066  0.00012895701878723  0.00014377351017278
  0.00015725693793739  0.00017109235725699  0.00019635692502853  0.00022485792528064
  0.00025167912254563  0.00027955160051558  0.00030785833373448  0.00033911832221778
  0.00038017689260382  0.00042743381109923  0.00047378283770330  0.00051813639162063
  0.00056178172181880  0.00060432357298829  0.00064615198417495  0.00068799942101316
  0.00072981732868165  0.00077203871578861  0.00081711863334589  0.00086349685125840
  0.00091044676819832  0.00096507233963153  0.00101991451843252  0.00107790036960346
  0.00113333013093024  0.00118711211372862  0.00124137192224480  0.00129542104415715
  0.00134903719017933  0.00139885121232752  0.00144644481682069  0.00149207684201419
  0.00153741427113332  0.00158398270388270  0.00162992698246713  0.00167751320278851
  0.00172406998884363  0.00176896072185372  0.00181237327603962  0.00185559427698838
  0.00189945511497919  0.00194290769449038  0.00198491147273777  0.00202414715227470
  0.00206486608863526  0.00210480685430244  0.00214574095007471  0.00217870254623469
  0.00219000458041734  0.00220602938057640  0.00222709282295062  0.00225189565487718
  0.00227489770103786  0.00229095625189863  0.00231056211672312  0.00232816762608858
  0.00234677520950601  0.00236309864063521  0.00237879419099781  0.00239358903825703
  0.00240772371777667  0.00242549407593927  0.00244648498494601  0.00246450863443537
  0.00247926823443510  0.00249388030311323  0.00250594923604546  0.00251958894605344
  0.00253991791297495  0.00256529544774110  0.00258878560895222  0.00260770786690647
  0.00262600509939674  0.00264981199492934  0.00269474176603525  0.00275718961082715
  0.00282283095066539  0.00287231562886390  0.00288364654723209  0.00289561443816256
  0.00294037633059255  0.00297758347434310  0.00300863658535481  1.00000000000000000
 -0.00338934318109728  0.01148087260787695  0.02259344251212295  0.03263212679684895
  0.04293148554433036  0.05375395271222711  0.06412683780097551  0.07421934870887593
  0.08403796709404480  0.09343798729135229  0.10227067656002035  0.11034689426796515
  0.11757163417079798  0.12541532837684544  0.13498608917269680  0.14588150029013383
  0.15819790628478622  0.16826674657180130  0.17908937736070041  0.19009466478689999
  0.20124400739173121  0.21261526371066614  0.22458640277145536  0.23627107030050171
  0.24743885994662460  0.25839783623259210  0.26938053692091912  0.28062285910568069
  0.29212801273939637  0.30380858008535727  0.31635245264892908  0.32827801540302431
  0.34107912670970941  0.35460000141170783  0.36843146463945725  0.38185884794355762
  0.39475585463059981  0.40694842861828789  0.41834159777606050  0.42920477968344722
  0.44013373696579289  0.45206453749928588  0.46616248192162335  0.48060400592513652
  0.49472214445826490  0.50801762030083430  0.52012895781068524  0.53268139378237156
  0.54550696913318886  0.55782761146470394  0.56964782891064691  0.58099159236639020
  0.59230072427244174  0.60367111791562778  0.61480506462110207  0.62557824012120777
  0.63547056731622020  0.64506675218293530  0.65479087489253163  0.66482195318827264
  0.67536094129097413  0.68656974517011482  0.69751714061392900  0.70785634083590609
  0.71876698921105142  0.73164625181469001  0.74496652766877813  0.75818326352762455
  0.77050496919014477  0.78199756112388263  0.79133464786761865  0.79732262714432478
  0.80233425734776731  0.80807457659084192  0.81446198781936474  0.82009800322350002
  0.82630533007623730  0.83219159085507755  0.83784034126781226  0.84318025180549450
  0.84861054376971556  0.85205057101232418  0.85887147611133619  0.87164406128048422
  0.88648694721961196  0.90207373469398933  0.91699863565894235  0.92900748913411357
  0.93732332053769152  0.94477596044578982  0.95182202051142362  0.95916036587104081
  0.96668518578861184  0.97443577629818201  0.98160165235054642  1.00000000000000000
 -0.04619264618288955  0.30116161252179219  0.48471591766338146  0.59427830738059928
  0.67144289145544434  0.73024487558924767  0.77326108306161412  0.80612203015703732
  0.83295916666878689  0.85483740652528584  0.87395282143985209  0.89141954813540214
  0.90534333470665707  0.91628805523166312  0.92549540728750945  0.93382274691132683
  0.94095022073984624  0.94688002916860425  0.95198097012256921  0.95650248109734826
  0.95954826821120520  0.96155778634840394  0.96375209567594999  0.96602583841010869
  0.96793691508036350  0.96972042135151792  0.97151735558564567  0.97318308439278378
  0.97467688931637952  0.97606643805758264  0.97735446766608247  0.97863027264311464
  0.97978908380529783  0.98084949519571130  0.98181386238188839  0.98275464570305704
  0.98363658154918465  0.98451752787846170  0.98538149014478849  0.98617936490992131
  0.98689266765607653  0.98754875218904492  0.98816007750673629  0.98876125542520443
  0.98937231565458150  0.98994843811345912  0.99046573026259499  0.99097118897196879
  0.99147586450542480  0.99193812499916145  0.99238544147213859  0.99284258194628872
  0.99327777793804228  0.99363499614408013  0.99395514002308427  0.99426793647532818
  0.99456389434143699  0.99484902118931740  0.99511610024249086  0.99535721993930459
  0.99557957791319407  0.99578839361684290  0.99598150966023791  0.99616661497801973
  0.99634157731568340  0.99650602930088050  0.99665197863693022  0.99679581494722802
  0.99693431105213004  0.99706234960785434  0.99718019886241327  0.99729661516135582
  0.99741248816833350  0.99753412631655192  0.99765121173404747  0.99776289752669112
  0.99787377941621058  0.99798614117670947  0.99809452298773171  0.99820018079154327
  0.99830014964865033  0.99840083821150361  0.99849937193782945  0.99859314773677044
  0.99868032445762878  0.99875963282997005  0.99882932375981826  0.99889666721315673
  0.99896079111675817  0.99903080901529229  0.99911431297592934  0.99922364450982948
  0.99934638978835200  0.99948492829175084  0.99968785528246984  1.00000000000000000
 -0.02667448800763172  0.12170161834268030  0.16042164611371862  0.18343252255064207
  0.20205371651895795  0.21861836035227489  0.23323799937554701  0.24592355850823844
  0.25708209453090869  0.26691374024749215  0.27578748367659656  0.28432726569372729
  0.29286775255082814  0.30111410505036607  0.30843094444313540  0.31572616466707237
  0.32188886401089928  0.32859984237778156  0.33376723501313083  0.33785735310262394
  0.34177191686784619  0.34548507223069191  0.34998327542700852  0.35420447484760675
  0.35809437973958136  0.36201009286425934  0.36601240278653879  0.36998734939321415
  0.37410329228545269  0.37847521141621232  0.38235859497048491  0.38564575374999838
  0.38895941300516679  0.39189926063908825  0.39478355539680660  0.39983326334108438
  0.40731478609483640  0.41494673570550650  0.42183285860965819  0.42811587862912953
  0.43427273202744310  0.44028531393688836  0.44639012398896166  0.45213073362347089
  0.45743735875071095  0.46248204203951870  0.46762422800067410  0.47274234980633878
  0.47778536662269594  0.48353823601059404  0.48944485766313794  0.49487895676305621
  0.50016404656388347  0.50521410559322422  0.51010623803253774  0.51520832598370936
  0.52131531907473694  0.52786617253360879  0.53437808535426379  0.54092482893060678
  0.54758457989966514  0.55440104052383288  0.56116712578202521  0.56726970482636963
  0.57244662303359473  0.57751561859272849  0.58220558860339500  0.58697109700593786
  0.59221871358156297  0.59787796579279961  0.60286791450504995  0.60710130581502719
  0.61169366082665744  0.61705721893760301  0.62286216651913773  0.62887174480955299
  0.63515232188337734  0.64142685815801181  0.64764778768945364  0.65390413718297324
  0.66020597503839606  0.66735347009119128  0.67499035912210936  0.68369047510571845
  0.69277118850694208  0.70247714540853412  0.71289809023256523  0.72407095845063607
  0.73637012682116754  0.74985571666812068  0.76490247268932976  0.78311872151116424
  0.80470301100968400  0.83254174044590956  0.87400155733493823  1.00000000000000000
  8.97278301676529425E-024  -1.0000000000000000     
 T T T T F F F F F F F F F F F F T T T T F F F F F F F F F F F F
  <DiscreteSampler_grid>
  grouped_processes
  1 # 1 for a reference and 2 for a running grid.
  10 # Attribute 'min_bin_probing_points' of the grid.
  1 # Attribute 'grid_mode' of the grid. 1=='default',2=='initialization'
  0.0000000000000000 # Attribute 'small_contrib_threshold' of the grid.
  0.5000000000000000 # Attribute 'damping_power' of the grid.
 # binID   n_entries weight   weight_sqr   abs_weight
    22   10   1.124516422372231E-014   5.627897870022657E-028   1.124516422372231E-014
    23   10   1.124516422372231E-014   5.627897870022656E-028   1.124516422372231E-014
  </DiscreteSampler_grid>
