 -0.00000100937771170  0.00000955956725526  0.00001980838637471  0.00003094323596364
  0.00004237799203524  0.00005398273488688  0.00006610443634832  0.00007910868672919
  0.00009362629573611  0.00010934454799030  0.00012549407067037  0.00013789768261747
  0.00014921619955520  0.00016077017891754  0.00017357463884474  0.00018615976745314
  0.00019789817171712  0.00021106734288487  0.00022560186159462  0.00024109984617515
  0.00027174168472787  0.00031224202475188  0.00034481153495894  0.00037545912595069
  0.00040441054734882  0.00043506701915257  0.00047015803044946  0.00050309421085779
  0.00053203637731016  0.00056065058466602  0.00058937658741531  0.00061850777987669
  0.00065087019257650  0.00068290146972014  0.00072201419905879  0.00076103895485961
  0.00080314344106672  0.00084518660254290  0.00088839712074736  0.00093189898729786
  0.00097444244718027  0.00101388364585882  0.00105315054437366  0.00109495422922575
  0.00113247047194719  0.00117076975195280  0.00121173771672043  0.00125005469442004
  0.00128334246617092  0.00131485248926726  0.00134578455278395  0.00137684270276547
  0.00140946149475928  0.00144451239902427  0.00147835170631975  0.00151192049963242
  0.00154646021587085  0.00158427666175626  0.00162361841456801  0.00166300349538085
  0.00170246805663336  0.00174060958069097  0.00177600852893382  0.00180441615082550
  0.00180798362486709  0.00180916737222626  0.00181035111958543  0.00181153486694460
  0.00181271861430377  0.00181390236166294  0.00181508610902211  0.00181626985638128
  0.00181745360374045  0.00181863735109962  0.00181982109845879  0.00182100484581797
  0.00182218859317714  0.00193687494224922  0.00215986288480509  0.00238285082736097
  0.00260583876991684  0.00282882671247272  0.00305181465502859  0.00327480259758447
  0.00349779054014034  0.00372077848269622  0.00394376642525209  0.00416675436780797
  0.00438974231036384  0.00461273025291972  0.00483571819547559  0.00505870613803147
  0.00528169408058734  0.00550468202314322  0.00572766996569909  1.00000000000000000
 -0.00285450030852804  0.01455417983059291  0.02802861790952434  0.04093542451986114
  0.05286057304178213  0.06547994976207394  0.07868969481910928  0.09252910892703019
  0.10700573828740054  0.12274683919328921  0.14116068080945235  0.16031022797099251
  0.17810268213001415  0.19674901329740463  0.21529195234673620  0.23357905190993064
  0.25200275780869735  0.26776605243312052  0.28151894306181241  0.29683058854826705
  0.31382845095536710  0.32781539121822023  0.33570017729743207  0.34196102702953829
  0.34866344626812412  0.35507162696795624  0.36372905172227687  0.37590872517601603
  0.38743124311821958  0.39832465380972504  0.41006795075691149  0.42160619111886627
  0.43503882634326896  0.45020959725428816  0.46316376338805915  0.47367172972371213
  0.48635267816067518  0.49836542275781193  0.50919255122053853  0.52084668279645918
  0.53485531068088021  0.55254202336516278  0.56900851645546846  0.58576119529114790
  0.60437932675896910  0.62185878293384034  0.63659760524603837  0.65057578444456843
  0.66347395373593643  0.67688192068239372  0.68947876105101991  0.70148913641208555
  0.71278918760879606  0.72414821180022670  0.73836937219813892  0.74955725266715401
  0.75725372713339112  0.76439471181433027  0.76837522112956569  0.76910733946847720
  0.76983945780738872  0.77057157614630023  0.77130369448521163  0.77203581282412315
  0.77276793116303466  0.77351783752810366  0.77430229793778282  0.77508675834746199
  0.77587121875714105  0.77665567916682021  0.77744013957649938  0.77822459998617854
  0.77899911292717061  0.77972746879071764  0.78045582465426466  0.78118418051781169
  0.78191253638135860  0.78264089224490563  0.78336924810845265  0.78418956354565927
  0.79082950041472844  0.80072888330310399  0.81733351962456668  0.83393969346595365
  0.84678774466641382  0.85830809167291700  0.86955280709109151  0.88422094734595913
  0.89951678879858621  0.91361743629686365  0.92805443849656200  0.94258174897915969
  0.95615879159397243  0.97033462001377113  0.98499734774826797  1.00000000000000000
 -0.04719036666239320  0.35653339557473596  0.55477264530790038  0.67820324687553690
  0.75454565886178349  0.81086273187082092  0.84889277454296497  0.87736486488385523
  0.89940183591311518  0.91739735080340201  0.93118224748215350  0.94205546495125680
  0.95075371390552310  0.95729716612865878  0.96126553282105676  0.96447178882958162
  0.96746213042341489  0.97023691881936969  0.97263961246636088  0.97472473514783198
  0.97670812428117837  0.97856646881587417  0.98021025116479610  0.98170106367265420
  0.98313037732641539  0.98442260582446794  0.98554015120546445  0.98654871121999155
  0.98748551329696543  0.98836905687480336  0.98916624352811033  0.98989660655555300
  0.99056692157979409  0.99115082517499797  0.99169526766605842  0.99222661353684494
  0.99271613611197695  0.99320480092768282  0.99375487839501320  0.99428043120945264
  0.99471530168428890  0.99510689321487178  0.99546013535485400  0.99576523973464148
  0.99605252416660384  0.99631317028448585  0.99654985435437182  0.99677759100259744
  0.99699917112658354  0.99717509704765506  0.99731998460379501  0.99746274659835954
  0.99760244147118105  0.99774252928707541  0.99788208675045442  0.99802760757707021
  0.99813037982717823  0.99819592177237737  0.99825546520410380  0.99831864705273121
  0.99837810881399824  0.99843566288338270  0.99849334464326578  0.99855066900777800
  0.99860714619192203  0.99866261907432863  0.99871724180364929  0.99877187092982200
  0.99882690414486364  0.99888461432766718  0.99894612311224984  0.99901377202796526
  0.99908856907163668  0.99916605493470934  0.99925268193197336  0.99935432050309569
  0.99948532146284630  0.99959324619990331  0.99961222472363920  0.99963120324737520
  0.99965018177111109  0.99966916029484698  0.99968813881858298  0.99970711734231887
  0.99972609586605476  0.99974754908807806  0.99977279417927023  0.99979803927046240
  0.99982328436165457  0.99984852945284686  0.99987377454403903  0.99989901963523120
  0.99992426472642337  0.99994950981761554  0.99997475490880783  1.00000000000000000
 -0.03973689505144549  0.18560348664494569  0.23392506289050960  0.27444103366012429
  0.30594966512479549  0.32640273676165343  0.34353776050095142  0.35968481324965512
  0.37282209819318479  0.39175182553360471  0.40926202061034983  0.42492720843811621
  0.43796309659110089  0.45087478612630061  0.46513396062959217  0.47941730135987143
  0.49193448024592662  0.50340297551533275  0.51425393255931828  0.52499497705620590
  0.53600080907885195  0.54651957798115569  0.55740769567146542  0.56854974468339003
  0.58120741055838299  0.59294090283972545  0.60316829696197549  0.61329828444285572
  0.62275894477817439  0.63190758120334756  0.64079520917647981  0.64961112908338037
  0.65765441168229000  0.66190497525746783  0.66579098744373666  0.66999155288638479
  0.67448677080521846  0.67955562202340680  0.68479569272014296  0.69007267651432036
  0.69446385914698072  0.69847845071459169  0.70347802937474702  0.71160443548740637
  0.72060722496442375  0.72791551857841785  0.73455575358353820  0.74066503946146200
  0.74609181202326735  0.75101525510113909  0.75650901845298535  0.76245337073630093
  0.76864467472364362  0.77498269948901566  0.78112521744567276  0.78683535111430747
  0.79237251237876449  0.79813717147079688  0.80383175032205612  0.80654026436552251
  0.80721434001524706  0.80788841566497172  0.80856249131469626  0.80923656696442081
  0.80991064261414547  0.81058471826387002  0.81127170228977630  0.81199012669293769
  0.81270855109609919  0.81342697549926057  0.81414539990242196  0.81486382430558346
  0.81558224870874485  0.81630067311190624  0.81708541498278064  0.81787141969097799
  0.81865742439917533  0.81944342910737278  0.82022943381557012  0.82101543852376746
  0.82180144323196480  0.82649201665362482  0.83109681406660130  0.83481651348348240
  0.84021566722798069  0.84556585042269738  0.85030987134234859  0.85526564168900887
  0.86205242253374836  0.87111111013202958  0.88140537019658671  0.89297590625936063
  0.90670875230949388  0.92259892923731301  0.94395321488702388  1.00000000000000000
  1.79767717737431617E-021  -1.0000000000000000     
 T T T T F F F F F F F F F F F F T T T T F F F F F F F F F F F F
  <DiscreteSampler_grid>
  grouped_processes
  1 # 1 for a reference and 2 for a running grid.
  10 # Attribute 'min_bin_probing_points' of the grid.
  1 # Attribute 'grid_mode' of the grid. 1=='default',2=='initialization'
  0.0000000000000000 # Attribute 'small_contrib_threshold' of the grid.
  0.5000000000000000 # Attribute 'damping_power' of the grid.
 # binID   n_entries weight   weight_sqr   abs_weight
    19   10   2.690545805911216E-016   1.589102608781871E-031   2.690545805911216E-016
    20   10   2.690545805911216E-016   1.589102608781871E-031   2.690545805911216E-016
  </DiscreteSampler_grid>
