 -0.00000029741775590  0.00000270394906581  0.00000530635572071  0.00000781595129836
  0.00001038056716962  0.00001314214176623  0.00001579160640530  0.00001829580638477
  0.00002086316655731  0.00002344924803813  0.00002602918086853  0.00002867386981097
  0.00003140735351528  0.00003450699947011  0.00003766406787169  0.00004049308791858
  0.00004320089564938  0.00004591942144120  0.00004853519415945  0.00005096795229086
  0.00005344395511038  0.00005619103248393  0.00005910657923436  0.00006085579387141
  0.00006271844868929  0.00006736627463162  0.00007245556902786  0.00007926579849188
  0.00008650035899315  0.00009312767566367  0.00009977354848522  0.00010645062238288
  0.00011249853388259  0.00011811086897243  0.00012178914181852  0.00012383024829678
  0.00012484174611304  0.00012655051546898  0.00012859628134689  0.00013062642546353
  0.00013272621910341  0.00013487091417056  0.00013694122046685  0.00013896596408785
  0.00014095459856992  0.00014286317194227  0.00014471398215829  0.00014658396633252
  0.00014856746680311  0.00015066526170422  0.00015278694045842  0.00015486562843349
  0.00015676885897137  0.00015870394321418  0.00016063295385098  0.00016254155714184
  0.00016448817721701  0.00016629626222954  0.00016813062117054  0.00016996598294980
  0.00017177591357486  0.00017358788391886  0.00017535289966819  0.00017703903407716
  0.00017864114931893  0.00018041657054652  0.00018245534103328  0.00018455860187010
  0.00018666115346240  0.00018855916733900  0.00019032348896114  0.00019206311699392
  0.00019383359333569  0.00019566126428671  0.00019749511729475  0.00019878892160988
  0.00019931561411949  0.00019997559841311  0.00020056940595605  0.00020153320626982
  0.00020336572104019  0.00020518320641327  0.00020691404350377  0.00020864529422426
  0.00021040398562106  0.00021223843358126  0.00021405049530957  0.00021582441616371
  0.00021758875029062  0.00021934460876798  0.00022106335561414  0.00022275686367597
  0.00022447194214040  0.00022612814376518  0.00022693233747209  1.00000000000000000
 -0.00251688822464959  0.01065345871609525  0.02089054896905935  0.03265715890868210
  0.04455323584346892  0.05508940436953143  0.06504062446570549  0.07500208027019895
  0.08624735185975610  0.09869788795560862  0.11205641045076645  0.12481127744093767
  0.13448441433314193  0.14144833068617912  0.14894632730774224  0.15674709229300754
  0.16437690440057059  0.17256041333906003  0.18263787118432473  0.19528711186555539
  0.20931154332916643  0.22272386131820393  0.23626119314633820  0.24949125566289346
  0.26104357412612189  0.27274551705958378  0.28418806159906840  0.29420644497519238
  0.30331575510022429  0.31338511326175783  0.32411684138125679  0.33333796566021145
  0.33979978583244125  0.34679096207856774  0.35361739512909596  0.36025758380831913
  0.36670095464152858  0.37289712605016512  0.38095788282784609  0.39242292044545468
  0.40496399692864776  0.41729771328528170  0.43013733467024767  0.44283992772960928
  0.45366757893321902  0.46419570494988804  0.47431612857715238  0.48419995106119745
  0.49348775094420938  0.50316669440243045  0.51401499179094656  0.52376468561760570
  0.53213684887821344  0.54051885808126043  0.54865044052445489  0.55635099345305572
  0.56467243868927852  0.57291004426040926  0.58104629831020127  0.59084724867262362
  0.60168209378235049  0.61276622194018115  0.62412953631545343  0.63502741641190175
  0.64596128838167344  0.65830667700504142  0.67198978350665939  0.68624624432543357
  0.70005837314594577  0.71161957593971903  0.71980465131113747  0.72888300140466589
  0.73745454819387990  0.74675760556352488  0.75831323916854865  0.77064141269875996
  0.78113101032969290  0.79190041299141090  0.80261400141860950  0.81384147419549013
  0.82517315733689112  0.83697056565619565  0.85109904355662780  0.86519521345752815
  0.88029825212125934  0.89466966877468834  0.90707537601245769  0.91821969895594879
  0.92926447809769253  0.93990776362081541  0.94894174860722491  0.95793997500388739
  0.96856155542642652  0.98001061038957482  0.99016049801333428  1.00000000000000000
 -0.02161834532033655  0.17171256737540955  0.29169764578010193  0.38701586468159777
  0.45880695897325524  0.51905869046631392  0.57077847883567023  0.61622619930740496
  0.65585712100105475  0.68920603302845806  0.71998367295841303  0.74691750790984712
  0.76806514169468587  0.78703626289665962  0.80472121267463503  0.82131144377693610
  0.83680074831116169  0.85014489718798059  0.86160202477694003  0.87213541491584967
  0.88197789755760370  0.89062427476571593  0.89770453268808725  0.90336135295217057
  0.90885639174849275  0.91416648365024189  0.91887661248120500  0.92315870225565633
  0.92733909361013089  0.93137414367001603  0.93528273581079591  0.93883647506709655
  0.94213150744448926  0.94519653388521163  0.94812189915171408  0.95083603656262383
  0.95328097106153542  0.95560284504511173  0.95776081335430441  0.95958929996879849
  0.96105312380070418  0.96236933738579078  0.96369996803962776  0.96501940170202660
  0.96628604332990764  0.96745893500566138  0.96855315390371943  0.96966294994043445
  0.97078324158685336  0.97188152796595684  0.97299291289907563  0.97427101501209668
  0.97563781717014164  0.97691578395355871  0.97784448040183181  0.97852452468094631
  0.97916737554551869  0.97984456060045466  0.98047512544983506  0.98109903890697525
  0.98169466136014116  0.98224023000103433  0.98275628471766396  0.98328761327410719
  0.98386147928484746  0.98455473296019869  0.98521800887089295  0.98584895485940660
  0.98639457533470110  0.98688016767571252  0.98733317866266890  0.98777106263771486
  0.98817377463963063  0.98853655657479944  0.98886885864060270  0.98916162691943743
  0.98939686529795223  0.98964288950363644  0.98989819366130860  0.99016385968339971
  0.99045163130026570  0.99074241623944381  0.99103576038103169  0.99133401615405514
  0.99164083070405928  0.99197277470086209  0.99232091702969649  0.99267447701154454
  0.99303646159702008  0.99340502545828724  0.99378051444426951  0.99421735406688039
  0.99489903159769144  0.99600914266476948  0.99774015242330483  1.00000000000000000
 -0.02509111131468712  0.12726233891769520  0.16645048289173156  0.18883647078795324
  0.20789410159294930  0.23210652367992077  0.24949424588681512  0.26445601678189257
  0.27927959185309198  0.29284603847037294  0.30200846404152276  0.31069253215077991
  0.31872562642698121  0.32676792936391552  0.33495025217219659  0.34266351562055214
  0.35000754427669239  0.35903788324050934  0.37016292814257662  0.38194258121695546
  0.39370318018668643  0.40571237463270782  0.41752419625786730  0.42883282061106853
  0.43932217451467598  0.44919934739476136  0.45878514804471593  0.46813870803927093
  0.47870051585622775  0.49052859062766957  0.50124520096585268  0.51054049768862619
  0.51838949621924801  0.52474378297232305  0.53046450329195449  0.53620178861742818
  0.54274832117467742  0.55043753000676787  0.55694958012826035  0.56212390850826255
  0.56746117499366711  0.57251513357829809  0.57847615054216328  0.58525237757924975
  0.59236117914994380  0.59977667042026395  0.60761148344649019  0.61540403274475408
  0.62285386798923459  0.63002843305765199  0.63729978989270453  0.64521384922726832
  0.65312701128954231  0.66026783750355778  0.66710797098901797  0.67386077315557724
  0.68007231744193064  0.68496009747646391  0.69058552904137727  0.69690593692654557
  0.70310832143393931  0.70891649930353984  0.71304519556117174  0.71702590592124815
  0.72110957873924386  0.72522577290252110  0.72913435928908299  0.73288915751229977
  0.73694553729866119  0.74133262371869235  0.74590272609122366  0.75252052627613797
  0.76074703197972615  0.76864322789127038  0.77450072588107532  0.77971505764801852
  0.78502315197877048  0.79027970266303071  0.79574847491595946  0.80132701452632549
  0.80684735358500015  0.81229349750072566  0.81851280676951355  0.82542651449113336
  0.83260359007759777  0.84015333325988750  0.84807831546538048  0.85682410117754693
  0.86501612629870162  0.87111676533753901  0.87800144522100176  0.88578946638683465
  0.89581869691955096  0.91081412888251057  0.93562667952226575  1.00000000000000000
  5.76417839313611569E-023  -1.0000000000000000     
 T T T T F F F F F F F F F F F F T T T T F F F F F F F F F F F F
  <DiscreteSampler_grid>
  grouped_processes
  1 # 1 for a reference and 2 for a running grid.
  10 # Attribute 'min_bin_probing_points' of the grid.
  1 # Attribute 'grid_mode' of the grid. 1=='default',2=='initialization'
  0.0000000000000000 # Attribute 'small_contrib_threshold' of the grid.
  0.5000000000000000 # Attribute 'damping_power' of the grid.
 # binID   n_entries weight   weight_sqr   abs_weight
    25   10   1.125266473575036E-014   6.347239459262560E-028   1.125266473575036E-014
    26   10   1.125266473575036E-014   6.347239459262559E-028   1.125266473575036E-014
  </DiscreteSampler_grid>
